[69, 37, 78, 3, 79, 83, 26, 32, 6, 50, 48, 82, 17, 10, 59, 0, 66, 31, 3, 9, 20, 76, 67, 51, 83, 44, 68, 8, 51, 3, 31, 72, 86, 35, 97, 54, 72, 12, 86, 35, 81, 71, 14, 78, 63, 39, 16, 39, 39, 32, 64, 10, 17, 31, 89, 40, 15, 98, 3, 52, 95, 64, 38, 22, 67, 82, 23, 60, 82, 42, 65, 57, 84, 42, 66, 43, 8, 2, 83, 13, 60, 62, 33, 61, 32, 74, 32, 88, 86, 21, 87, 23, 23, 65, 36, 53, 85, 28, 27, 61]
Page Hits: 2
Page Faults: 98
Page hit rate: 0.02
Page fault rate: 0.98

[69, 37, 78, 3, 79, 83, 26, 32, 6, 50, 48, 82, 17, 10, 59, 0, 66, 31, 3, 9, 20, 76, 67, 51, 83, 44, 68, 8, 51, 3, 31, 72, 86, 35, 97, 54, 72, 12, 86, 35, 81, 71, 14, 78, 63, 39, 16, 39, 39, 32, 64, 10, 17, 31, 89, 40, 15, 98, 3, 52, 95, 64, 38, 22, 67, 82, 23, 60, 82, 42, 65, 57, 84, 42, 66, 43, 8, 2, 83, 13, 60, 62, 33, 61, 32, 74, 32, 88, 86, 21, 87, 23, 23, 65, 36, 53, 85, 28, 27, 61]
Page Hits: 4
Page Faults: 96
Page hit rate: 0.04
Page fault rate: 0.96

[69, 37, 78, 3, 79, 83, 26, 32, 6, 50, 48, 82, 17, 10, 59, 0, 66, 31, 3, 9, 20, 76, 67, 51, 83, 44, 68, 8, 51, 3, 31, 72, 86, 35, 97, 54, 72, 12, 86, 35, 81, 71, 14, 78, 63, 39, 16, 39, 39, 32, 64, 10, 17, 31, 89, 40, 15, 98, 3, 52, 95, 64, 38, 22, 67, 82, 23, 60, 82, 42, 65, 57, 84, 42, 66, 43, 8, 2, 83, 13, 60, 62, 33, 61, 32, 74, 32, 88, 86, 21, 87, 23, 23, 65, 36, 53, 85, 28, 27, 61]
Page Hits: 5
Page Faults: 95
Page hit rate: 0.05
Page fault rate: 0.95

[69, 37, 78, 3, 79, 83, 26, 32, 6, 50, 48, 82, 17, 10, 59, 0, 66, 31, 3, 9, 20, 76, 67, 51, 83, 44, 68, 8, 51, 3, 31, 72, 86, 35, 97, 54, 72, 12, 86, 35, 81, 71, 14, 78, 63, 39, 16, 39, 39, 32, 64, 10, 17, 31, 89, 40, 15, 98, 3, 52, 95, 64, 38, 22, 67, 82, 23, 60, 82, 42, 65, 57, 84, 42, 66, 43, 8, 2, 83, 13, 60, 62, 33, 61, 32, 74, 32, 88, 86, 21, 87, 23, 23, 65, 36, 53, 85, 28, 27, 61]
Page Hits: 6
Page Faults: 94
Page hit rate: 0.06
Page fault rate: 0.94

[69, 37, 78, 3, 79, 83, 26, 32, 6, 50, 48, 82, 17, 10, 59, 0, 66, 31, 3, 9, 20, 76, 67, 51, 83, 44, 68, 8, 51, 3, 31, 72, 86, 35, 97, 54, 72, 12, 86, 35, 81, 71, 14, 78, 63, 39, 16, 39, 39, 32, 64, 10, 17, 31, 89, 40, 15, 98, 3, 52, 95, 64, 38, 22, 67, 82, 23, 60, 82, 42, 65, 57, 84, 42, 66, 43, 8, 2, 83, 13, 60, 62, 33, 61, 32, 74, 32, 88, 86, 21, 87, 23, 23, 65, 36, 53, 85, 28, 27, 61]
Page Hits: 10
Page Faults: 90
Page hit rate: 0.1
Page fault rate: 0.9

[69, 37, 78, 3, 79, 83, 26, 32, 6, 50, 48, 82, 17, 10, 59, 0, 66, 31, 3, 9, 20, 76, 67, 51, 83, 44, 68, 8, 51, 3, 31, 72, 86, 35, 97, 54, 72, 12, 86, 35, 81, 71, 14, 78, 63, 39, 16, 39, 39, 32, 64, 10, 17, 31, 89, 40, 15, 98, 3, 52, 95, 64, 38, 22, 67, 82, 23, 60, 82, 42, 65, 57, 84, 42, 66, 43, 8, 2, 83, 13, 60, 62, 33, 61, 32, 74, 32, 88, 86, 21, 87, 23, 23, 65, 36, 53, 85, 28, 27, 61]
Page Hits: 10
Page Faults: 90
Page hit rate: 0.1
Page fault rate: 0.9

[69, 37, 78, 3, 79, 83, 26, 32, 6, 50, 48, 82, 17, 10, 59, 0, 66, 31, 3, 9, 20, 76, 67, 51, 83, 44, 68, 8, 51, 3, 31, 72, 86, 35, 97, 54, 72, 12, 86, 35, 81, 71, 14, 78, 63, 39, 16, 39, 39, 32, 64, 10, 17, 31, 89, 40, 15, 98, 3, 52, 95, 64, 38, 22, 67, 82, 23, 60, 82, 42, 65, 57, 84, 42, 66, 43, 8, 2, 83, 13, 60, 62, 33, 61, 32, 74, 32, 88, 86, 21, 87, 23, 23, 65, 36, 53, 85, 28, 27, 61]
Page Hits: 10
Page Faults: 90
Page hit rate: 0.1
Page fault rate: 0.9

[69, 37, 78, 3, 79, 83, 26, 32, 6, 50, 48, 82, 17, 10, 59, 0, 66, 31, 3, 9, 20, 76, 67, 51, 83, 44, 68, 8, 51, 3, 31, 72, 86, 35, 97, 54, 72, 12, 86, 35, 81, 71, 14, 78, 63, 39, 16, 39, 39, 32, 64, 10, 17, 31, 89, 40, 15, 98, 3, 52, 95, 64, 38, 22, 67, 82, 23, 60, 82, 42, 65, 57, 84, 42, 66, 43, 8, 2, 83, 13, 60, 62, 33, 61, 32, 74, 32, 88, 86, 21, 87, 23, 23, 65, 36, 53, 85, 28, 27, 61]
Page Hits: 10
Page Faults: 90
Page hit rate: 0.1
Page fault rate: 0.9

[69, 37, 78, 3, 79, 83, 26, 32, 6, 50, 48, 82, 17, 10, 59, 0, 66, 31, 3, 9, 20, 76, 67, 51, 83, 44, 68, 8, 51, 3, 31, 72, 86, 35, 97, 54, 72, 12, 86, 35, 81, 71, 14, 78, 63, 39, 16, 39, 39, 32, 64, 10, 17, 31, 89, 40, 15, 98, 3, 52, 95, 64, 38, 22, 67, 82, 23, 60, 82, 42, 65, 57, 84, 42, 66, 43, 8, 2, 83, 13, 60, 62, 33, 61, 32, 74, 32, 88, 86, 21, 87, 23, 23, 65, 36, 53, 85, 28, 27, 61]
Page Hits: 10
Page Faults: 90
Page hit rate: 0.1
Page fault rate: 0.9

[69, 37, 78, 3, 79, 83, 26, 32, 6, 50, 48, 82, 17, 10, 59, 0, 66, 31, 3, 9, 20, 76, 67, 51, 83, 44, 68, 8, 51, 3, 31, 72, 86, 35, 97, 54, 72, 12, 86, 35, 81, 71, 14, 78, 63, 39, 16, 39, 39, 32, 64, 10, 17, 31, 89, 40, 15, 98, 3, 52, 95, 64, 38, 22, 67, 82, 23, 60, 82, 42, 65, 57, 84, 42, 66, 43, 8, 2, 83, 13, 60, 62, 33, 61, 32, 74, 32, 88, 86, 21, 87, 23, 23, 65, 36, 53, 85, 28, 27, 61]
Page Hits: 11
Page Faults: 89
Page hit rate: 0.11
Page fault rate: 0.89

[69, 37, 78, 3, 79, 83, 26, 32, 6, 50, 48, 82, 17, 10, 59, 0, 66, 31, 3, 9, 20, 76, 67, 51, 83, 44, 68, 8, 51, 3, 31, 72, 86, 35, 97, 54, 72, 12, 86, 35, 81, 71, 14, 78, 63, 39, 16, 39, 39, 32, 64, 10, 17, 31, 89, 40, 15, 98, 3, 52, 95, 64, 38, 22, 67, 82, 23, 60, 82, 42, 65, 57, 84, 42, 66, 43, 8, 2, 83, 13, 60, 62, 33, 61, 32, 74, 32, 88, 86, 21, 87, 23, 23, 65, 36, 53, 85, 28, 27, 61]
Page Hits: 17
Page Faults: 83
Page hit rate: 0.17
Page fault rate: 0.83

[69, 37, 78, 3, 79, 83, 26, 32, 6, 50, 48, 82, 17, 10, 59, 0, 66, 31, 3, 9, 20, 76, 67, 51, 83, 44, 68, 8, 51, 3, 31, 72, 86, 35, 97, 54, 72, 12, 86, 35, 81, 71, 14, 78, 63, 39, 16, 39, 39, 32, 64, 10, 17, 31, 89, 40, 15, 98, 3, 52, 95, 64, 38, 22, 67, 82, 23, 60, 82, 42, 65, 57, 84, 42, 66, 43, 8, 2, 83, 13, 60, 62, 33, 61, 32, 74, 32, 88, 86, 21, 87, 23, 23, 65, 36, 53, 85, 28, 27, 61]
Page Hits: 24
Page Faults: 76
Page hit rate: 0.24
Page fault rate: 0.76

[69, 37, 78, 3, 79, 83, 26, 32, 6, 50, 48, 82, 17, 10, 59, 0, 66, 31, 3, 9, 20, 76, 67, 51, 83, 44, 68, 8, 51, 3, 31, 72, 86, 35, 97, 54, 72, 12, 86, 35, 81, 71, 14, 78, 63, 39, 16, 39, 39, 32, 64, 10, 17, 31, 89, 40, 15, 98, 3, 52, 95, 64, 38, 22, 67, 82, 23, 60, 82, 42, 65, 57, 84, 42, 66, 43, 8, 2, 83, 13, 60, 62, 33, 61, 32, 74, 32, 88, 86, 21, 87, 23, 23, 65, 36, 53, 85, 28, 27, 61]
Page Hits: 30
Page Faults: 70
Page hit rate: 0.3
Page fault rate: 0.7

[69, 37, 78, 3, 79, 83, 26, 32, 6, 50, 48, 82, 17, 10, 59, 0, 66, 31, 3, 9, 20, 76, 67, 51, 83, 44, 68, 8, 51, 3, 31, 72, 86, 35, 97, 54, 72, 12, 86, 35, 81, 71, 14, 78, 63, 39, 16, 39, 39, 32, 64, 10, 17, 31, 89, 40, 15, 98, 3, 52, 95, 64, 38, 22, 67, 82, 23, 60, 82, 42, 65, 57, 84, 42, 66, 43, 8, 2, 83, 13, 60, 62, 33, 61, 32, 74, 32, 88, 86, 21, 87, 23, 23, 65, 36, 53, 85, 28, 27, 61]
Page Hits: 31
Page Faults: 69
Page hit rate: 0.31
Page fault rate: 0.69

[69, 37, 78, 3, 79, 83, 26, 32, 6, 50, 48, 82, 17, 10, 59, 0, 66, 31, 3, 9, 20, 76, 67, 51, 83, 44, 68, 8, 51, 3, 31, 72, 86, 35, 97, 54, 72, 12, 86, 35, 81, 71, 14, 78, 63, 39, 16, 39, 39, 32, 64, 10, 17, 31, 89, 40, 15, 98, 3, 52, 95, 64, 38, 22, 67, 82, 23, 60, 82, 42, 65, 57, 84, 42, 66, 43, 8, 2, 83, 13, 60, 62, 33, 61, 32, 74, 32, 88, 86, 21, 87, 23, 23, 65, 36, 53, 85, 28, 27, 61]
Page Hits: 32
Page Faults: 68
Page hit rate: 0.32
Page fault rate: 0.68

[69, 37, 78, 3, 79, 83, 26, 32, 6, 50, 48, 82, 17, 10, 59, 0, 66, 31, 3, 9, 20, 76, 67, 51, 83, 44, 68, 8, 51, 3, 31, 72, 86, 35, 97, 54, 72, 12, 86, 35, 81, 71, 14, 78, 63, 39, 16, 39, 39, 32, 64, 10, 17, 31, 89, 40, 15, 98, 3, 52, 95, 64, 38, 22, 67, 82, 23, 60, 82, 42, 65, 57, 84, 42, 66, 43, 8, 2, 83, 13, 60, 62, 33, 61, 32, 74, 32, 88, 86, 21, 87, 23, 23, 65, 36, 53, 85, 28, 27, 61]
Page Hits: 32
Page Faults: 68
Page hit rate: 0.32
Page fault rate: 0.68

[69, 37, 78, 3, 79, 83, 26, 32, 6, 50, 48, 82, 17, 10, 59, 0, 66, 31, 3, 9, 20, 76, 67, 51, 83, 44, 68, 8, 51, 3, 31, 72, 86, 35, 97, 54, 72, 12, 86, 35, 81, 71, 14, 78, 63, 39, 16, 39, 39, 32, 64, 10, 17, 31, 89, 40, 15, 98, 3, 52, 95, 64, 38, 22, 67, 82, 23, 60, 82, 42, 65, 57, 84, 42, 66, 43, 8, 2, 83, 13, 60, 62, 33, 61, 32, 74, 32, 88, 86, 21, 87, 23, 23, 65, 36, 53, 85, 28, 27, 61]
Page Hits: 32
Page Faults: 68
Page hit rate: 0.32
Page fault rate: 0.68

[69, 37, 78, 3, 79, 83, 26, 32, 6, 50, 48, 82, 17, 10, 59, 0, 66, 31, 3, 9, 20, 76, 67, 51, 83, 44, 68, 8, 51, 3, 31, 72, 86, 35, 97, 54, 72, 12, 86, 35, 81, 71, 14, 78, 63, 39, 16, 39, 39, 32, 64, 10, 17, 31, 89, 40, 15, 98, 3, 52, 95, 64, 38, 22, 67, 82, 23, 60, 82, 42, 65, 57, 84, 42, 66, 43, 8, 2, 83, 13, 60, 62, 33, 61, 32, 74, 32, 88, 86, 21, 87, 23, 23, 65, 36, 53, 85, 28, 27, 61]
Page Hits: 32
Page Faults: 68
Page hit rate: 0.32
Page fault rate: 0.68

[69, 37, 78, 3, 79, 83, 26, 32, 6, 50, 48, 82, 17, 10, 59, 0, 66, 31, 3, 9, 20, 76, 67, 51, 83, 44, 68, 8, 51, 3, 31, 72, 86, 35, 97, 54, 72, 12, 86, 35, 81, 71, 14, 78, 63, 39, 16, 39, 39, 32, 64, 10, 17, 31, 89, 40, 15, 98, 3, 52, 95, 64, 38, 22, 67, 82, 23, 60, 82, 42, 65, 57, 84, 42, 66, 43, 8, 2, 83, 13, 60, 62, 33, 61, 32, 74, 32, 88, 86, 21, 87, 23, 23, 65, 36, 53, 85, 28, 27, 61]
Page Hits: 32
Page Faults: 68
Page hit rate: 0.32
Page fault rate: 0.68
=====================================================================================================================================
[46, 43, 50, 49, 9, 16, 43, 40, 6, 20, 36, 10, 1, 26, 26, 4, 6, 8, 20, 30, 37, 28, 26, 13, 12, 20, 40, 43, 21, 21, 27, 5, 40, 33, 31, 25, 5, 13, 36, 15, 2, 12, 6, 5, 12, 16, 44, 48, 18, 19, 44, 16, 10, 39, 7, 1, 17, 45, 14, 14, 36, 15, 3, 0, 41, 39, 19, 17, 8, 44, 41, 21, 38, 46, 28, 9, 40, 17, 35, 27, 10, 10, 25, 45, 7, 44, 8, 49, 37, 27, 22, 14, 7, 38, 3, 33, 12, 27, 11, 11]
Page Hits: 5
Page Faults: 95
Page hit rate: 0.05
Page fault rate: 0.95

[46, 43, 50, 49, 9, 16, 43, 40, 6, 20, 36, 10, 1, 26, 26, 4, 6, 8, 20, 30, 37, 28, 26, 13, 12, 20, 40, 43, 21, 21, 27, 5, 40, 33, 31, 25, 5, 13, 36, 15, 2, 12, 6, 5, 12, 16, 44, 48, 18, 19, 44, 16, 10, 39, 7, 1, 17, 45, 14, 14, 36, 15, 3, 0, 41, 39, 19, 17, 8, 44, 41, 21, 38, 46, 28, 9, 40, 17, 35, 27, 10, 10, 25, 45, 7, 44, 8, 49, 37, 27, 22, 14, 7, 38, 3, 33, 12, 27, 11, 11]
Page Hits: 5
Page Faults: 95
Page hit rate: 0.05
Page fault rate: 0.95

[46, 43, 50, 49, 9, 16, 43, 40, 6, 20, 36, 10, 1, 26, 26, 4, 6, 8, 20, 30, 37, 28, 26, 13, 12, 20, 40, 43, 21, 21, 27, 5, 40, 33, 31, 25, 5, 13, 36, 15, 2, 12, 6, 5, 12, 16, 44, 48, 18, 19, 44, 16, 10, 39, 7, 1, 17, 45, 14, 14, 36, 15, 3, 0, 41, 39, 19, 17, 8, 44, 41, 21, 38, 46, 28, 9, 40, 17, 35, 27, 10, 10, 25, 45, 7, 44, 8, 49, 37, 27, 22, 14, 7, 38, 3, 33, 12, 27, 11, 11]
Page Hits: 6
Page Faults: 94
Page hit rate: 0.06
Page fault rate: 0.94

[46, 43, 50, 49, 9, 16, 43, 40, 6, 20, 36, 10, 1, 26, 26, 4, 6, 8, 20, 30, 37, 28, 26, 13, 12, 20, 40, 43, 21, 21, 27, 5, 40, 33, 31, 25, 5, 13, 36, 15, 2, 12, 6, 5, 12, 16, 44, 48, 18, 19, 44, 16, 10, 39, 7, 1, 17, 45, 14, 14, 36, 15, 3, 0, 41, 39, 19, 17, 8, 44, 41, 21, 38, 46, 28, 9, 40, 17, 35, 27, 10, 10, 25, 45, 7, 44, 8, 49, 37, 27, 22, 14, 7, 38, 3, 33, 12, 27, 11, 11]
Page Hits: 7
Page Faults: 93
Page hit rate: 0.07
Page fault rate: 0.93

[46, 43, 50, 49, 9, 16, 43, 40, 6, 20, 36, 10, 1, 26, 26, 4, 6, 8, 20, 30, 37, 28, 26, 13, 12, 20, 40, 43, 21, 21, 27, 5, 40, 33, 31, 25, 5, 13, 36, 15, 2, 12, 6, 5, 12, 16, 44, 48, 18, 19, 44, 16, 10, 39, 7, 1, 17, 45, 14, 14, 36, 15, 3, 0, 41, 39, 19, 17, 8, 44, 41, 21, 38, 46, 28, 9, 40, 17, 35, 27, 10, 10, 25, 45, 7, 44, 8, 49, 37, 27, 22, 14, 7, 38, 3, 33, 12, 27, 11, 11]
Page Hits: 11
Page Faults: 89
Page hit rate: 0.11
Page fault rate: 0.89

[46, 43, 50, 49, 9, 16, 43, 40, 6, 20, 36, 10, 1, 26, 26, 4, 6, 8, 20, 30, 37, 28, 26, 13, 12, 20, 40, 43, 21, 21, 27, 5, 40, 33, 31, 25, 5, 13, 36, 15, 2, 12, 6, 5, 12, 16, 44, 48, 18, 19, 44, 16, 10, 39, 7, 1, 17, 45, 14, 14, 36, 15, 3, 0, 41, 39, 19, 17, 8, 44, 41, 21, 38, 46, 28, 9, 40, 17, 35, 27, 10, 10, 25, 45, 7, 44, 8, 49, 37, 27, 22, 14, 7, 38, 3, 33, 12, 27, 11, 11]
Page Hits: 12
Page Faults: 88
Page hit rate: 0.12
Page fault rate: 0.88

[46, 43, 50, 49, 9, 16, 43, 40, 6, 20, 36, 10, 1, 26, 26, 4, 6, 8, 20, 30, 37, 28, 26, 13, 12, 20, 40, 43, 21, 21, 27, 5, 40, 33, 31, 25, 5, 13, 36, 15, 2, 12, 6, 5, 12, 16, 44, 48, 18, 19, 44, 16, 10, 39, 7, 1, 17, 45, 14, 14, 36, 15, 3, 0, 41, 39, 19, 17, 8, 44, 41, 21, 38, 46, 28, 9, 40, 17, 35, 27, 10, 10, 25, 45, 7, 44, 8, 49, 37, 27, 22, 14, 7, 38, 3, 33, 12, 27, 11, 11]
Page Hits: 15
Page Faults: 85
Page hit rate: 0.15
Page fault rate: 0.85

[46, 43, 50, 49, 9, 16, 43, 40, 6, 20, 36, 10, 1, 26, 26, 4, 6, 8, 20, 30, 37, 28, 26, 13, 12, 20, 40, 43, 21, 21, 27, 5, 40, 33, 31, 25, 5, 13, 36, 15, 2, 12, 6, 5, 12, 16, 44, 48, 18, 19, 44, 16, 10, 39, 7, 1, 17, 45, 14, 14, 36, 15, 3, 0, 41, 39, 19, 17, 8, 44, 41, 21, 38, 46, 28, 9, 40, 17, 35, 27, 10, 10, 25, 45, 7, 44, 8, 49, 37, 27, 22, 14, 7, 38, 3, 33, 12, 27, 11, 11]
Page Hits: 17
Page Faults: 83
Page hit rate: 0.17
Page fault rate: 0.83

[46, 43, 50, 49, 9, 16, 43, 40, 6, 20, 36, 10, 1, 26, 26, 4, 6, 8, 20, 30, 37, 28, 26, 13, 12, 20, 40, 43, 21, 21, 27, 5, 40, 33, 31, 25, 5, 13, 36, 15, 2, 12, 6, 5, 12, 16, 44, 48, 18, 19, 44, 16, 10, 39, 7, 1, 17, 45, 14, 14, 36, 15, 3, 0, 41, 39, 19, 17, 8, 44, 41, 21, 38, 46, 28, 9, 40, 17, 35, 27, 10, 10, 25, 45, 7, 44, 8, 49, 37, 27, 22, 14, 7, 38, 3, 33, 12, 27, 11, 11]
Page Hits: 18
Page Faults: 82
Page hit rate: 0.18
Page fault rate: 0.82

[46, 43, 50, 49, 9, 16, 43, 40, 6, 20, 36, 10, 1, 26, 26, 4, 6, 8, 20, 30, 37, 28, 26, 13, 12, 20, 40, 43, 21, 21, 27, 5, 40, 33, 31, 25, 5, 13, 36, 15, 2, 12, 6, 5, 12, 16, 44, 48, 18, 19, 44, 16, 10, 39, 7, 1, 17, 45, 14, 14, 36, 15, 3, 0, 41, 39, 19, 17, 8, 44, 41, 21, 38, 46, 28, 9, 40, 17, 35, 27, 10, 10, 25, 45, 7, 44, 8, 49, 37, 27, 22, 14, 7, 38, 3, 33, 12, 27, 11, 11]
Page Hits: 19
Page Faults: 81
Page hit rate: 0.19
Page fault rate: 0.81

[46, 43, 50, 49, 9, 16, 43, 40, 6, 20, 36, 10, 1, 26, 26, 4, 6, 8, 20, 30, 37, 28, 26, 13, 12, 20, 40, 43, 21, 21, 27, 5, 40, 33, 31, 25, 5, 13, 36, 15, 2, 12, 6, 5, 12, 16, 44, 48, 18, 19, 44, 16, 10, 39, 7, 1, 17, 45, 14, 14, 36, 15, 3, 0, 41, 39, 19, 17, 8, 44, 41, 21, 38, 46, 28, 9, 40, 17, 35, 27, 10, 10, 25, 45, 7, 44, 8, 49, 37, 27, 22, 14, 7, 38, 3, 33, 12, 27, 11, 11]
Page Hits: 37
Page Faults: 63
Page hit rate: 0.37
Page fault rate: 0.63

[46, 43, 50, 49, 9, 16, 43, 40, 6, 20, 36, 10, 1, 26, 26, 4, 6, 8, 20, 30, 37, 28, 26, 13, 12, 20, 40, 43, 21, 21, 27, 5, 40, 33, 31, 25, 5, 13, 36, 15, 2, 12, 6, 5, 12, 16, 44, 48, 18, 19, 44, 16, 10, 39, 7, 1, 17, 45, 14, 14, 36, 15, 3, 0, 41, 39, 19, 17, 8, 44, 41, 21, 38, 46, 28, 9, 40, 17, 35, 27, 10, 10, 25, 45, 7, 44, 8, 49, 37, 27, 22, 14, 7, 38, 3, 33, 12, 27, 11, 11]
Page Hits: 48
Page Faults: 52
Page hit rate: 0.48
Page fault rate: 0.52

[46, 43, 50, 49, 9, 16, 43, 40, 6, 20, 36, 10, 1, 26, 26, 4, 6, 8, 20, 30, 37, 28, 26, 13, 12, 20, 40, 43, 21, 21, 27, 5, 40, 33, 31, 25, 5, 13, 36, 15, 2, 12, 6, 5, 12, 16, 44, 48, 18, 19, 44, 16, 10, 39, 7, 1, 17, 45, 14, 14, 36, 15, 3, 0, 41, 39, 19, 17, 8, 44, 41, 21, 38, 46, 28, 9, 40, 17, 35, 27, 10, 10, 25, 45, 7, 44, 8, 49, 37, 27, 22, 14, 7, 38, 3, 33, 12, 27, 11, 11]
Page Hits: 55
Page Faults: 45
Page hit rate: 0.55
Page fault rate: 0.45

[46, 43, 50, 49, 9, 16, 43, 40, 6, 20, 36, 10, 1, 26, 26, 4, 6, 8, 20, 30, 37, 28, 26, 13, 12, 20, 40, 43, 21, 21, 27, 5, 40, 33, 31, 25, 5, 13, 36, 15, 2, 12, 6, 5, 12, 16, 44, 48, 18, 19, 44, 16, 10, 39, 7, 1, 17, 45, 14, 14, 36, 15, 3, 0, 41, 39, 19, 17, 8, 44, 41, 21, 38, 46, 28, 9, 40, 17, 35, 27, 10, 10, 25, 45, 7, 44, 8, 49, 37, 27, 22, 14, 7, 38, 3, 33, 12, 27, 11, 11]
Page Hits: 56
Page Faults: 44
Page hit rate: 0.56
Page fault rate: 0.44

[46, 43, 50, 49, 9, 16, 43, 40, 6, 20, 36, 10, 1, 26, 26, 4, 6, 8, 20, 30, 37, 28, 26, 13, 12, 20, 40, 43, 21, 21, 27, 5, 40, 33, 31, 25, 5, 13, 36, 15, 2, 12, 6, 5, 12, 16, 44, 48, 18, 19, 44, 16, 10, 39, 7, 1, 17, 45, 14, 14, 36, 15, 3, 0, 41, 39, 19, 17, 8, 44, 41, 21, 38, 46, 28, 9, 40, 17, 35, 27, 10, 10, 25, 45, 7, 44, 8, 49, 37, 27, 22, 14, 7, 38, 3, 33, 12, 27, 11, 11]
Page Hits: 56
Page Faults: 44
Page hit rate: 0.56
Page fault rate: 0.44

[46, 43, 50, 49, 9, 16, 43, 40, 6, 20, 36, 10, 1, 26, 26, 4, 6, 8, 20, 30, 37, 28, 26, 13, 12, 20, 40, 43, 21, 21, 27, 5, 40, 33, 31, 25, 5, 13, 36, 15, 2, 12, 6, 5, 12, 16, 44, 48, 18, 19, 44, 16, 10, 39, 7, 1, 17, 45, 14, 14, 36, 15, 3, 0, 41, 39, 19, 17, 8, 44, 41, 21, 38, 46, 28, 9, 40, 17, 35, 27, 10, 10, 25, 45, 7, 44, 8, 49, 37, 27, 22, 14, 7, 38, 3, 33, 12, 27, 11, 11]
Page Hits: 56
Page Faults: 44
Page hit rate: 0.56
Page fault rate: 0.44

[46, 43, 50, 49, 9, 16, 43, 40, 6, 20, 36, 10, 1, 26, 26, 4, 6, 8, 20, 30, 37, 28, 26, 13, 12, 20, 40, 43, 21, 21, 27, 5, 40, 33, 31, 25, 5, 13, 36, 15, 2, 12, 6, 5, 12, 16, 44, 48, 18, 19, 44, 16, 10, 39, 7, 1, 17, 45, 14, 14, 36, 15, 3, 0, 41, 39, 19, 17, 8, 44, 41, 21, 38, 46, 28, 9, 40, 17, 35, 27, 10, 10, 25, 45, 7, 44, 8, 49, 37, 27, 22, 14, 7, 38, 3, 33, 12, 27, 11, 11]
Page Hits: 56
Page Faults: 44
Page hit rate: 0.56
Page fault rate: 0.44

[46, 43, 50, 49, 9, 16, 43, 40, 6, 20, 36, 10, 1, 26, 26, 4, 6, 8, 20, 30, 37, 28, 26, 13, 12, 20, 40, 43, 21, 21, 27, 5, 40, 33, 31, 25, 5, 13, 36, 15, 2, 12, 6, 5, 12, 16, 44, 48, 18, 19, 44, 16, 10, 39, 7, 1, 17, 45, 14, 14, 36, 15, 3, 0, 41, 39, 19, 17, 8, 44, 41, 21, 38, 46, 28, 9, 40, 17, 35, 27, 10, 10, 25, 45, 7, 44, 8, 49, 37, 27, 22, 14, 7, 38, 3, 33, 12, 27, 11, 11]
Page Hits: 56
Page Faults: 44
Page hit rate: 0.56
Page fault rate: 0.44

[46, 43, 50, 49, 9, 16, 43, 40, 6, 20, 36, 10, 1, 26, 26, 4, 6, 8, 20, 30, 37, 28, 26, 13, 12, 20, 40, 43, 21, 21, 27, 5, 40, 33, 31, 25, 5, 13, 36, 15, 2, 12, 6, 5, 12, 16, 44, 48, 18, 19, 44, 16, 10, 39, 7, 1, 17, 45, 14, 14, 36, 15, 3, 0, 41, 39, 19, 17, 8, 44, 41, 21, 38, 46, 28, 9, 40, 17, 35, 27, 10, 10, 25, 45, 7, 44, 8, 49, 37, 27, 22, 14, 7, 38, 3, 33, 12, 27, 11, 11]
Page Hits: 56
Page Faults: 44
Page hit rate: 0.56
Page fault rate: 0.44
=====================================================================================================================================
[9, 0, 6, 7, 9, 0, 3, 7, 7, 4, 10, 2, 0, 8, 7, 5, 1, 3, 5, 0, 6, 2, 9, 5, 6, 6, 4, 10, 4, 7, 2, 10, 4, 10, 5, 2, 7, 3, 7, 9, 6, 0, 9, 0, 3, 2, 3, 4, 8, 5, 3, 5, 10, 8, 7, 6, 7, 1, 10, 9, 5, 8, 2, 3, 6, 3, 0, 0, 7, 4, 9, 10, 1, 8, 1, 2, 6, 9, 5, 9, 2, 1, 1, 7, 2, 3, 5, 6, 6, 7, 3, 10, 4, 2, 9, 8, 2, 1, 4, 7]
Page Hits: 5
Page Faults: 95
Page hit rate: 0.05
Page fault rate: 0.95

[9, 0, 6, 7, 9, 0, 3, 7, 7, 4, 10, 2, 0, 8, 7, 5, 1, 3, 5, 0, 6, 2, 9, 5, 6, 6, 4, 10, 4, 7, 2, 10, 4, 10, 5, 2, 7, 3, 7, 9, 6, 0, 9, 0, 3, 2, 3, 4, 8, 5, 3, 5, 10, 8, 7, 6, 7, 1, 10, 9, 5, 8, 2, 3, 6, 3, 0, 0, 7, 4, 9, 10, 1, 8, 1, 2, 6, 9, 5, 9, 2, 1, 1, 7, 2, 3, 5, 6, 6, 7, 3, 10, 4, 2, 9, 8, 2, 1, 4, 7]
Page Hits: 15
Page Faults: 85
Page hit rate: 0.15
Page fault rate: 0.85

[9, 0, 6, 7, 9, 0, 3, 7, 7, 4, 10, 2, 0, 8, 7, 5, 1, 3, 5, 0, 6, 2, 9, 5, 6, 6, 4, 10, 4, 7, 2, 10, 4, 10, 5, 2, 7, 3, 7, 9, 6, 0, 9, 0, 3, 2, 3, 4, 8, 5, 3, 5, 10, 8, 7, 6, 7, 1, 10, 9, 5, 8, 2, 3, 6, 3, 0, 0, 7, 4, 9, 10, 1, 8, 1, 2, 6, 9, 5, 9, 2, 1, 1, 7, 2, 3, 5, 6, 6, 7, 3, 10, 4, 2, 9, 8, 2, 1, 4, 7]
Page Hits: 19
Page Faults: 81
Page hit rate: 0.19
Page fault rate: 0.81

[9, 0, 6, 7, 9, 0, 3, 7, 7, 4, 10, 2, 0, 8, 7, 5, 1, 3, 5, 0, 6, 2, 9, 5, 6, 6, 4, 10, 4, 7, 2, 10, 4, 10, 5, 2, 7, 3, 7, 9, 6, 0, 9, 0, 3, 2, 3, 4, 8, 5, 3, 5, 10, 8, 7, 6, 7, 1, 10, 9, 5, 8, 2, 3, 6, 3, 0, 0, 7, 4, 9, 10, 1, 8, 1, 2, 6, 9, 5, 9, 2, 1, 1, 7, 2, 3, 5, 6, 6, 7, 3, 10, 4, 2, 9, 8, 2, 1, 4, 7]
Page Hits: 31
Page Faults: 69
Page hit rate: 0.31
Page fault rate: 0.69

[9, 0, 6, 7, 9, 0, 3, 7, 7, 4, 10, 2, 0, 8, 7, 5, 1, 3, 5, 0, 6, 2, 9, 5, 6, 6, 4, 10, 4, 7, 2, 10, 4, 10, 5, 2, 7, 3, 7, 9, 6, 0, 9, 0, 3, 2, 3, 4, 8, 5, 3, 5, 10, 8, 7, 6, 7, 1, 10, 9, 5, 8, 2, 3, 6, 3, 0, 0, 7, 4, 9, 10, 1, 8, 1, 2, 6, 9, 5, 9, 2, 1, 1, 7, 2, 3, 5, 6, 6, 7, 3, 10, 4, 2, 9, 8, 2, 1, 4, 7]
Page Hits: 36
Page Faults: 64
Page hit rate: 0.36
Page fault rate: 0.64

[9, 0, 6, 7, 9, 0, 3, 7, 7, 4, 10, 2, 0, 8, 7, 5, 1, 3, 5, 0, 6, 2, 9, 5, 6, 6, 4, 10, 4, 7, 2, 10, 4, 10, 5, 2, 7, 3, 7, 9, 6, 0, 9, 0, 3, 2, 3, 4, 8, 5, 3, 5, 10, 8, 7, 6, 7, 1, 10, 9, 5, 8, 2, 3, 6, 3, 0, 0, 7, 4, 9, 10, 1, 8, 1, 2, 6, 9, 5, 9, 2, 1, 1, 7, 2, 3, 5, 6, 6, 7, 3, 10, 4, 2, 9, 8, 2, 1, 4, 7]
Page Hits: 41
Page Faults: 59
Page hit rate: 0.41
Page fault rate: 0.59

[9, 0, 6, 7, 9, 0, 3, 7, 7, 4, 10, 2, 0, 8, 7, 5, 1, 3, 5, 0, 6, 2, 9, 5, 6, 6, 4, 10, 4, 7, 2, 10, 4, 10, 5, 2, 7, 3, 7, 9, 6, 0, 9, 0, 3, 2, 3, 4, 8, 5, 3, 5, 10, 8, 7, 6, 7, 1, 10, 9, 5, 8, 2, 3, 6, 3, 0, 0, 7, 4, 9, 10, 1, 8, 1, 2, 6, 9, 5, 9, 2, 1, 1, 7, 2, 3, 5, 6, 6, 7, 3, 10, 4, 2, 9, 8, 2, 1, 4, 7]
Page Hits: 50
Page Faults: 50
Page hit rate: 0.5
Page fault rate: 0.5

[9, 0, 6, 7, 9, 0, 3, 7, 7, 4, 10, 2, 0, 8, 7, 5, 1, 3, 5, 0, 6, 2, 9, 5, 6, 6, 4, 10, 4, 7, 2, 10, 4, 10, 5, 2, 7, 3, 7, 9, 6, 0, 9, 0, 3, 2, 3, 4, 8, 5, 3, 5, 10, 8, 7, 6, 7, 1, 10, 9, 5, 8, 2, 3, 6, 3, 0, 0, 7, 4, 9, 10, 1, 8, 1, 2, 6, 9, 5, 9, 2, 1, 1, 7, 2, 3, 5, 6, 6, 7, 3, 10, 4, 2, 9, 8, 2, 1, 4, 7]
Page Hits: 66
Page Faults: 34
Page hit rate: 0.66
Page fault rate: 0.34

[9, 0, 6, 7, 9, 0, 3, 7, 7, 4, 10, 2, 0, 8, 7, 5, 1, 3, 5, 0, 6, 2, 9, 5, 6, 6, 4, 10, 4, 7, 2, 10, 4, 10, 5, 2, 7, 3, 7, 9, 6, 0, 9, 0, 3, 2, 3, 4, 8, 5, 3, 5, 10, 8, 7, 6, 7, 1, 10, 9, 5, 8, 2, 3, 6, 3, 0, 0, 7, 4, 9, 10, 1, 8, 1, 2, 6, 9, 5, 9, 2, 1, 1, 7, 2, 3, 5, 6, 6, 7, 3, 10, 4, 2, 9, 8, 2, 1, 4, 7]
Page Hits: 67
Page Faults: 33
Page hit rate: 0.67
Page fault rate: 0.33

[9, 0, 6, 7, 9, 0, 3, 7, 7, 4, 10, 2, 0, 8, 7, 5, 1, 3, 5, 0, 6, 2, 9, 5, 6, 6, 4, 10, 4, 7, 2, 10, 4, 10, 5, 2, 7, 3, 7, 9, 6, 0, 9, 0, 3, 2, 3, 4, 8, 5, 3, 5, 10, 8, 7, 6, 7, 1, 10, 9, 5, 8, 2, 3, 6, 3, 0, 0, 7, 4, 9, 10, 1, 8, 1, 2, 6, 9, 5, 9, 2, 1, 1, 7, 2, 3, 5, 6, 6, 7, 3, 10, 4, 2, 9, 8, 2, 1, 4, 7]
Page Hits: 80
Page Faults: 20
Page hit rate: 0.8
Page fault rate: 0.2

[9, 0, 6, 7, 9, 0, 3, 7, 7, 4, 10, 2, 0, 8, 7, 5, 1, 3, 5, 0, 6, 2, 9, 5, 6, 6, 4, 10, 4, 7, 2, 10, 4, 10, 5, 2, 7, 3, 7, 9, 6, 0, 9, 0, 3, 2, 3, 4, 8, 5, 3, 5, 10, 8, 7, 6, 7, 1, 10, 9, 5, 8, 2, 3, 6, 3, 0, 0, 7, 4, 9, 10, 1, 8, 1, 2, 6, 9, 5, 9, 2, 1, 1, 7, 2, 3, 5, 6, 6, 7, 3, 10, 4, 2, 9, 8, 2, 1, 4, 7]
Page Hits: 89
Page Faults: 11
Page hit rate: 0.89
Page fault rate: 0.11

[9, 0, 6, 7, 9, 0, 3, 7, 7, 4, 10, 2, 0, 8, 7, 5, 1, 3, 5, 0, 6, 2, 9, 5, 6, 6, 4, 10, 4, 7, 2, 10, 4, 10, 5, 2, 7, 3, 7, 9, 6, 0, 9, 0, 3, 2, 3, 4, 8, 5, 3, 5, 10, 8, 7, 6, 7, 1, 10, 9, 5, 8, 2, 3, 6, 3, 0, 0, 7, 4, 9, 10, 1, 8, 1, 2, 6, 9, 5, 9, 2, 1, 1, 7, 2, 3, 5, 6, 6, 7, 3, 10, 4, 2, 9, 8, 2, 1, 4, 7]
Page Hits: 89
Page Faults: 11
Page hit rate: 0.89
Page fault rate: 0.11

[9, 0, 6, 7, 9, 0, 3, 7, 7, 4, 10, 2, 0, 8, 7, 5, 1, 3, 5, 0, 6, 2, 9, 5, 6, 6, 4, 10, 4, 7, 2, 10, 4, 10, 5, 2, 7, 3, 7, 9, 6, 0, 9, 0, 3, 2, 3, 4, 8, 5, 3, 5, 10, 8, 7, 6, 7, 1, 10, 9, 5, 8, 2, 3, 6, 3, 0, 0, 7, 4, 9, 10, 1, 8, 1, 2, 6, 9, 5, 9, 2, 1, 1, 7, 2, 3, 5, 6, 6, 7, 3, 10, 4, 2, 9, 8, 2, 1, 4, 7]
Page Hits: 89
Page Faults: 11
Page hit rate: 0.89
Page fault rate: 0.11

[9, 0, 6, 7, 9, 0, 3, 7, 7, 4, 10, 2, 0, 8, 7, 5, 1, 3, 5, 0, 6, 2, 9, 5, 6, 6, 4, 10, 4, 7, 2, 10, 4, 10, 5, 2, 7, 3, 7, 9, 6, 0, 9, 0, 3, 2, 3, 4, 8, 5, 3, 5, 10, 8, 7, 6, 7, 1, 10, 9, 5, 8, 2, 3, 6, 3, 0, 0, 7, 4, 9, 10, 1, 8, 1, 2, 6, 9, 5, 9, 2, 1, 1, 7, 2, 3, 5, 6, 6, 7, 3, 10, 4, 2, 9, 8, 2, 1, 4, 7]
Page Hits: 89
Page Faults: 11
Page hit rate: 0.89
Page fault rate: 0.11

[9, 0, 6, 7, 9, 0, 3, 7, 7, 4, 10, 2, 0, 8, 7, 5, 1, 3, 5, 0, 6, 2, 9, 5, 6, 6, 4, 10, 4, 7, 2, 10, 4, 10, 5, 2, 7, 3, 7, 9, 6, 0, 9, 0, 3, 2, 3, 4, 8, 5, 3, 5, 10, 8, 7, 6, 7, 1, 10, 9, 5, 8, 2, 3, 6, 3, 0, 0, 7, 4, 9, 10, 1, 8, 1, 2, 6, 9, 5, 9, 2, 1, 1, 7, 2, 3, 5, 6, 6, 7, 3, 10, 4, 2, 9, 8, 2, 1, 4, 7]
Page Hits: 89
Page Faults: 11
Page hit rate: 0.89
Page fault rate: 0.11

[9, 0, 6, 7, 9, 0, 3, 7, 7, 4, 10, 2, 0, 8, 7, 5, 1, 3, 5, 0, 6, 2, 9, 5, 6, 6, 4, 10, 4, 7, 2, 10, 4, 10, 5, 2, 7, 3, 7, 9, 6, 0, 9, 0, 3, 2, 3, 4, 8, 5, 3, 5, 10, 8, 7, 6, 7, 1, 10, 9, 5, 8, 2, 3, 6, 3, 0, 0, 7, 4, 9, 10, 1, 8, 1, 2, 6, 9, 5, 9, 2, 1, 1, 7, 2, 3, 5, 6, 6, 7, 3, 10, 4, 2, 9, 8, 2, 1, 4, 7]
Page Hits: 89
Page Faults: 11
Page hit rate: 0.89
Page fault rate: 0.11

[9, 0, 6, 7, 9, 0, 3, 7, 7, 4, 10, 2, 0, 8, 7, 5, 1, 3, 5, 0, 6, 2, 9, 5, 6, 6, 4, 10, 4, 7, 2, 10, 4, 10, 5, 2, 7, 3, 7, 9, 6, 0, 9, 0, 3, 2, 3, 4, 8, 5, 3, 5, 10, 8, 7, 6, 7, 1, 10, 9, 5, 8, 2, 3, 6, 3, 0, 0, 7, 4, 9, 10, 1, 8, 1, 2, 6, 9, 5, 9, 2, 1, 1, 7, 2, 3, 5, 6, 6, 7, 3, 10, 4, 2, 9, 8, 2, 1, 4, 7]
Page Hits: 89
Page Faults: 11
Page hit rate: 0.89
Page fault rate: 0.11

[9, 0, 6, 7, 9, 0, 3, 7, 7, 4, 10, 2, 0, 8, 7, 5, 1, 3, 5, 0, 6, 2, 9, 5, 6, 6, 4, 10, 4, 7, 2, 10, 4, 10, 5, 2, 7, 3, 7, 9, 6, 0, 9, 0, 3, 2, 3, 4, 8, 5, 3, 5, 10, 8, 7, 6, 7, 1, 10, 9, 5, 8, 2, 3, 6, 3, 0, 0, 7, 4, 9, 10, 1, 8, 1, 2, 6, 9, 5, 9, 2, 1, 1, 7, 2, 3, 5, 6, 6, 7, 3, 10, 4, 2, 9, 8, 2, 1, 4, 7]
Page Hits: 89
Page Faults: 11
Page hit rate: 0.89
Page fault rate: 0.11

[9, 0, 6, 7, 9, 0, 3, 7, 7, 4, 10, 2, 0, 8, 7, 5, 1, 3, 5, 0, 6, 2, 9, 5, 6, 6, 4, 10, 4, 7, 2, 10, 4, 10, 5, 2, 7, 3, 7, 9, 6, 0, 9, 0, 3, 2, 3, 4, 8, 5, 3, 5, 10, 8, 7, 6, 7, 1, 10, 9, 5, 8, 2, 3, 6, 3, 0, 0, 7, 4, 9, 10, 1, 8, 1, 2, 6, 9, 5, 9, 2, 1, 1, 7, 2, 3, 5, 6, 6, 7, 3, 10, 4, 2, 9, 8, 2, 1, 4, 7]
Page Hits: 89
Page Faults: 11
Page hit rate: 0.89
Page fault rate: 0.11


