[69, 37, 78, 3, 79, 83, 26, 32, 6, 50, 48, 82, 17, 10, 59, 0, 66, 31, 3, 9, 20, 76, 67, 51, 83, 44, 68, 8, 51, 3, 31, 72, 86, 35, 97, 54, 72, 12, 86, 35, 81, 71, 14, 78, 63, 39, 16, 39, 39, 32, 64, 10, 17, 31, 89, 40, 15, 98, 3, 52, 95, 64, 38, 22, 67, 82, 23, 60, 82, 42, 65, 57, 84, 42, 66, 43, 8, 2, 83, 13, 60, 62, 33, 61, 32, 74, 32, 88, 86, 21, 87, 23, 23, 65, 36, 53, 85, 28, 27, 61]
Page Hits: 2
Page Faults: 98
Page hit rate: 0.02
Page fault rate: 0.98

[69, 37, 78, 3, 79, 83, 26, 32, 6, 50, 48, 82, 17, 10, 59, 0, 66, 31, 3, 9, 20, 76, 67, 51, 83, 44, 68, 8, 51, 3, 31, 72, 86, 35, 97, 54, 72, 12, 86, 35, 81, 71, 14, 78, 63, 39, 16, 39, 39, 32, 64, 10, 17, 31, 89, 40, 15, 98, 3, 52, 95, 64, 38, 22, 67, 82, 23, 60, 82, 42, 65, 57, 84, 42, 66, 43, 8, 2, 83, 13, 60, 62, 33, 61, 32, 74, 32, 88, 86, 21, 87, 23, 23, 65, 36, 53, 85, 28, 27, 61]
Page Hits: 4
Page Faults: 96
Page hit rate: 0.04
Page fault rate: 0.96

[69, 37, 78, 3, 79, 83, 26, 32, 6, 50, 48, 82, 17, 10, 59, 0, 66, 31, 3, 9, 20, 76, 67, 51, 83, 44, 68, 8, 51, 3, 31, 72, 86, 35, 97, 54, 72, 12, 86, 35, 81, 71, 14, 78, 63, 39, 16, 39, 39, 32, 64, 10, 17, 31, 89, 40, 15, 98, 3, 52, 95, 64, 38, 22, 67, 82, 23, 60, 82, 42, 65, 57, 84, 42, 66, 43, 8, 2, 83, 13, 60, 62, 33, 61, 32, 74, 32, 88, 86, 21, 87, 23, 23, 65, 36, 53, 85, 28, 27, 61]
Page Hits: 5
Page Faults: 95
Page hit rate: 0.05
Page fault rate: 0.95

[69, 37, 78, 3, 79, 83, 26, 32, 6, 50, 48, 82, 17, 10, 59, 0, 66, 31, 3, 9, 20, 76, 67, 51, 83, 44, 68, 8, 51, 3, 31, 72, 86, 35, 97, 54, 72, 12, 86, 35, 81, 71, 14, 78, 63, 39, 16, 39, 39, 32, 64, 10, 17, 31, 89, 40, 15, 98, 3, 52, 95, 64, 38, 22, 67, 82, 23, 60, 82, 42, 65, 57, 84, 42, 66, 43, 8, 2, 83, 13, 60, 62, 33, 61, 32, 74, 32, 88, 86, 21, 87, 23, 23, 65, 36, 53, 85, 28, 27, 61]
Page Hits: 6
Page Faults: 94
Page hit rate: 0.06
Page fault rate: 0.94

[69, 37, 78, 3, 79, 83, 26, 32, 6, 50, 48, 82, 17, 10, 59, 0, 66, 31, 3, 9, 20, 76, 67, 51, 83, 44, 68, 8, 51, 3, 31, 72, 86, 35, 97, 54, 72, 12, 86, 35, 81, 71, 14, 78, 63, 39, 16, 39, 39, 32, 64, 10, 17, 31, 89, 40, 15, 98, 3, 52, 95, 64, 38, 22, 67, 82, 23, 60, 82, 42, 65, 57, 84, 42, 66, 43, 8, 2, 83, 13, 60, 62, 33, 61, 32, 74, 32, 88, 86, 21, 87, 23, 23, 65, 36, 53, 85, 28, 27, 61]
Page Hits: 8
Page Faults: 92
Page hit rate: 0.08
Page fault rate: 0.92

[69, 37, 78, 3, 79, 83, 26, 32, 6, 50, 48, 82, 17, 10, 59, 0, 66, 31, 3, 9, 20, 76, 67, 51, 83, 44, 68, 8, 51, 3, 31, 72, 86, 35, 97, 54, 72, 12, 86, 35, 81, 71, 14, 78, 63, 39, 16, 39, 39, 32, 64, 10, 17, 31, 89, 40, 15, 98, 3, 52, 95, 64, 38, 22, 67, 82, 23, 60, 82, 42, 65, 57, 84, 42, 66, 43, 8, 2, 83, 13, 60, 62, 33, 61, 32, 74, 32, 88, 86, 21, 87, 23, 23, 65, 36, 53, 85, 28, 27, 61]
Page Hits: 10
Page Faults: 90
Page hit rate: 0.1
Page fault rate: 0.9

[69, 37, 78, 3, 79, 83, 26, 32, 6, 50, 48, 82, 17, 10, 59, 0, 66, 31, 3, 9, 20, 76, 67, 51, 83, 44, 68, 8, 51, 3, 31, 72, 86, 35, 97, 54, 72, 12, 86, 35, 81, 71, 14, 78, 63, 39, 16, 39, 39, 32, 64, 10, 17, 31, 89, 40, 15, 98, 3, 52, 95, 64, 38, 22, 67, 82, 23, 60, 82, 42, 65, 57, 84, 42, 66, 43, 8, 2, 83, 13, 60, 62, 33, 61, 32, 74, 32, 88, 86, 21, 87, 23, 23, 65, 36, 53, 85, 28, 27, 61]
Page Hits: 10
Page Faults: 90
Page hit rate: 0.1
Page fault rate: 0.9

[69, 37, 78, 3, 79, 83, 26, 32, 6, 50, 48, 82, 17, 10, 59, 0, 66, 31, 3, 9, 20, 76, 67, 51, 83, 44, 68, 8, 51, 3, 31, 72, 86, 35, 97, 54, 72, 12, 86, 35, 81, 71, 14, 78, 63, 39, 16, 39, 39, 32, 64, 10, 17, 31, 89, 40, 15, 98, 3, 52, 95, 64, 38, 22, 67, 82, 23, 60, 82, 42, 65, 57, 84, 42, 66, 43, 8, 2, 83, 13, 60, 62, 33, 61, 32, 74, 32, 88, 86, 21, 87, 23, 23, 65, 36, 53, 85, 28, 27, 61]
Page Hits: 10
Page Faults: 90
Page hit rate: 0.1
Page fault rate: 0.9

[69, 37, 78, 3, 79, 83, 26, 32, 6, 50, 48, 82, 17, 10, 59, 0, 66, 31, 3, 9, 20, 76, 67, 51, 83, 44, 68, 8, 51, 3, 31, 72, 86, 35, 97, 54, 72, 12, 86, 35, 81, 71, 14, 78, 63, 39, 16, 39, 39, 32, 64, 10, 17, 31, 89, 40, 15, 98, 3, 52, 95, 64, 38, 22, 67, 82, 23, 60, 82, 42, 65, 57, 84, 42, 66, 43, 8, 2, 83, 13, 60, 62, 33, 61, 32, 74, 32, 88, 86, 21, 87, 23, 23, 65, 36, 53, 85, 28, 27, 61]
Page Hits: 10
Page Faults: 90
Page hit rate: 0.1
Page fault rate: 0.9

[69, 37, 78, 3, 79, 83, 26, 32, 6, 50, 48, 82, 17, 10, 59, 0, 66, 31, 3, 9, 20, 76, 67, 51, 83, 44, 68, 8, 51, 3, 31, 72, 86, 35, 97, 54, 72, 12, 86, 35, 81, 71, 14, 78, 63, 39, 16, 39, 39, 32, 64, 10, 17, 31, 89, 40, 15, 98, 3, 52, 95, 64, 38, 22, 67, 82, 23, 60, 82, 42, 65, 57, 84, 42, 66, 43, 8, 2, 83, 13, 60, 62, 33, 61, 32, 74, 32, 88, 86, 21, 87, 23, 23, 65, 36, 53, 85, 28, 27, 61]
Page Hits: 11
Page Faults: 89
Page hit rate: 0.11
Page fault rate: 0.89

[69, 37, 78, 3, 79, 83, 26, 32, 6, 50, 48, 82, 17, 10, 59, 0, 66, 31, 3, 9, 20, 76, 67, 51, 83, 44, 68, 8, 51, 3, 31, 72, 86, 35, 97, 54, 72, 12, 86, 35, 81, 71, 14, 78, 63, 39, 16, 39, 39, 32, 64, 10, 17, 31, 89, 40, 15, 98, 3, 52, 95, 64, 38, 22, 67, 82, 23, 60, 82, 42, 65, 57, 84, 42, 66, 43, 8, 2, 83, 13, 60, 62, 33, 61, 32, 74, 32, 88, 86, 21, 87, 23, 23, 65, 36, 53, 85, 28, 27, 61]
Page Hits: 18
Page Faults: 82
Page hit rate: 0.18
Page fault rate: 0.82

[69, 37, 78, 3, 79, 83, 26, 32, 6, 50, 48, 82, 17, 10, 59, 0, 66, 31, 3, 9, 20, 76, 67, 51, 83, 44, 68, 8, 51, 3, 31, 72, 86, 35, 97, 54, 72, 12, 86, 35, 81, 71, 14, 78, 63, 39, 16, 39, 39, 32, 64, 10, 17, 31, 89, 40, 15, 98, 3, 52, 95, 64, 38, 22, 67, 82, 23, 60, 82, 42, 65, 57, 84, 42, 66, 43, 8, 2, 83, 13, 60, 62, 33, 61, 32, 74, 32, 88, 86, 21, 87, 23, 23, 65, 36, 53, 85, 28, 27, 61]
Page Hits: 22
Page Faults: 78
Page hit rate: 0.22
Page fault rate: 0.78

[69, 37, 78, 3, 79, 83, 26, 32, 6, 50, 48, 82, 17, 10, 59, 0, 66, 31, 3, 9, 20, 76, 67, 51, 83, 44, 68, 8, 51, 3, 31, 72, 86, 35, 97, 54, 72, 12, 86, 35, 81, 71, 14, 78, 63, 39, 16, 39, 39, 32, 64, 10, 17, 31, 89, 40, 15, 98, 3, 52, 95, 64, 38, 22, 67, 82, 23, 60, 82, 42, 65, 57, 84, 42, 66, 43, 8, 2, 83, 13, 60, 62, 33, 61, 32, 74, 32, 88, 86, 21, 87, 23, 23, 65, 36, 53, 85, 28, 27, 61]
Page Hits: 29
Page Faults: 71
Page hit rate: 0.29
Page fault rate: 0.71

[69, 37, 78, 3, 79, 83, 26, 32, 6, 50, 48, 82, 17, 10, 59, 0, 66, 31, 3, 9, 20, 76, 67, 51, 83, 44, 68, 8, 51, 3, 31, 72, 86, 35, 97, 54, 72, 12, 86, 35, 81, 71, 14, 78, 63, 39, 16, 39, 39, 32, 64, 10, 17, 31, 89, 40, 15, 98, 3, 52, 95, 64, 38, 22, 67, 82, 23, 60, 82, 42, 65, 57, 84, 42, 66, 43, 8, 2, 83, 13, 60, 62, 33, 61, 32, 74, 32, 88, 86, 21, 87, 23, 23, 65, 36, 53, 85, 28, 27, 61]
Page Hits: 32
Page Faults: 68
Page hit rate: 0.32
Page fault rate: 0.68

[69, 37, 78, 3, 79, 83, 26, 32, 6, 50, 48, 82, 17, 10, 59, 0, 66, 31, 3, 9, 20, 76, 67, 51, 83, 44, 68, 8, 51, 3, 31, 72, 86, 35, 97, 54, 72, 12, 86, 35, 81, 71, 14, 78, 63, 39, 16, 39, 39, 32, 64, 10, 17, 31, 89, 40, 15, 98, 3, 52, 95, 64, 38, 22, 67, 82, 23, 60, 82, 42, 65, 57, 84, 42, 66, 43, 8, 2, 83, 13, 60, 62, 33, 61, 32, 74, 32, 88, 86, 21, 87, 23, 23, 65, 36, 53, 85, 28, 27, 61]
Page Hits: 32
Page Faults: 68
Page hit rate: 0.32
Page fault rate: 0.68

[69, 37, 78, 3, 79, 83, 26, 32, 6, 50, 48, 82, 17, 10, 59, 0, 66, 31, 3, 9, 20, 76, 67, 51, 83, 44, 68, 8, 51, 3, 31, 72, 86, 35, 97, 54, 72, 12, 86, 35, 81, 71, 14, 78, 63, 39, 16, 39, 39, 32, 64, 10, 17, 31, 89, 40, 15, 98, 3, 52, 95, 64, 38, 22, 67, 82, 23, 60, 82, 42, 65, 57, 84, 42, 66, 43, 8, 2, 83, 13, 60, 62, 33, 61, 32, 74, 32, 88, 86, 21, 87, 23, 23, 65, 36, 53, 85, 28, 27, 61]
Page Hits: 32
Page Faults: 68
Page hit rate: 0.32
Page fault rate: 0.68

[69, 37, 78, 3, 79, 83, 26, 32, 6, 50, 48, 82, 17, 10, 59, 0, 66, 31, 3, 9, 20, 76, 67, 51, 83, 44, 68, 8, 51, 3, 31, 72, 86, 35, 97, 54, 72, 12, 86, 35, 81, 71, 14, 78, 63, 39, 16, 39, 39, 32, 64, 10, 17, 31, 89, 40, 15, 98, 3, 52, 95, 64, 38, 22, 67, 82, 23, 60, 82, 42, 65, 57, 84, 42, 66, 43, 8, 2, 83, 13, 60, 62, 33, 61, 32, 74, 32, 88, 86, 21, 87, 23, 23, 65, 36, 53, 85, 28, 27, 61]
Page Hits: 32
Page Faults: 68
Page hit rate: 0.32
Page fault rate: 0.68

[69, 37, 78, 3, 79, 83, 26, 32, 6, 50, 48, 82, 17, 10, 59, 0, 66, 31, 3, 9, 20, 76, 67, 51, 83, 44, 68, 8, 51, 3, 31, 72, 86, 35, 97, 54, 72, 12, 86, 35, 81, 71, 14, 78, 63, 39, 16, 39, 39, 32, 64, 10, 17, 31, 89, 40, 15, 98, 3, 52, 95, 64, 38, 22, 67, 82, 23, 60, 82, 42, 65, 57, 84, 42, 66, 43, 8, 2, 83, 13, 60, 62, 33, 61, 32, 74, 32, 88, 86, 21, 87, 23, 23, 65, 36, 53, 85, 28, 27, 61]
Page Hits: 32
Page Faults: 68
Page hit rate: 0.32
Page fault rate: 0.68

[69, 37, 78, 3, 79, 83, 26, 32, 6, 50, 48, 82, 17, 10, 59, 0, 66, 31, 3, 9, 20, 76, 67, 51, 83, 44, 68, 8, 51, 3, 31, 72, 86, 35, 97, 54, 72, 12, 86, 35, 81, 71, 14, 78, 63, 39, 16, 39, 39, 32, 64, 10, 17, 31, 89, 40, 15, 98, 3, 52, 95, 64, 38, 22, 67, 82, 23, 60, 82, 42, 65, 57, 84, 42, 66, 43, 8, 2, 83, 13, 60, 62, 33, 61, 32, 74, 32, 88, 86, 21, 87, 23, 23, 65, 36, 53, 85, 28, 27, 61]
Page Hits: 32
Page Faults: 68
Page hit rate: 0.32
Page fault rate: 0.68
=====================================================================================================================================


[46, 43, 50, 49, 9, 16, 43, 40, 6, 20, 36, 10, 1, 26, 26, 4, 6, 8, 20, 30, 37, 28, 26, 13, 12, 20, 40, 43, 21, 21, 27, 5, 40, 33, 31, 25, 5, 13, 36, 15, 2, 12, 6, 5, 12, 16, 44, 48, 18, 19, 44, 16, 10, 39, 7, 1, 17, 45, 14, 14, 36, 15, 3, 0, 41, 39, 19, 17, 8, 44, 41, 21, 38, 46, 28, 9, 40, 17, 35, 27, 10, 10, 25, 45, 7, 44, 8, 49, 37, 27, 22, 14, 7, 38, 3, 33, 12, 27, 11, 11]
Page Hits: 5
Page Faults: 95
Page hit rate: 0.05
Page fault rate: 0.95

[46, 43, 50, 49, 9, 16, 43, 40, 6, 20, 36, 10, 1, 26, 26, 4, 6, 8, 20, 30, 37, 28, 26, 13, 12, 20, 40, 43, 21, 21, 27, 5, 40, 33, 31, 25, 5, 13, 36, 15, 2, 12, 6, 5, 12, 16, 44, 48, 18, 19, 44, 16, 10, 39, 7, 1, 17, 45, 14, 14, 36, 15, 3, 0, 41, 39, 19, 17, 8, 44, 41, 21, 38, 46, 28, 9, 40, 17, 35, 27, 10, 10, 25, 45, 7, 44, 8, 49, 37, 27, 22, 14, 7, 38, 3, 33, 12, 27, 11, 11]
Page Hits: 5
Page Faults: 95
Page hit rate: 0.05
Page fault rate: 0.95

[46, 43, 50, 49, 9, 16, 43, 40, 6, 20, 36, 10, 1, 26, 26, 4, 6, 8, 20, 30, 37, 28, 26, 13, 12, 20, 40, 43, 21, 21, 27, 5, 40, 33, 31, 25, 5, 13, 36, 15, 2, 12, 6, 5, 12, 16, 44, 48, 18, 19, 44, 16, 10, 39, 7, 1, 17, 45, 14, 14, 36, 15, 3, 0, 41, 39, 19, 17, 8, 44, 41, 21, 38, 46, 28, 9, 40, 17, 35, 27, 10, 10, 25, 45, 7, 44, 8, 49, 37, 27, 22, 14, 7, 38, 3, 33, 12, 27, 11, 11]
Page Hits: 6
Page Faults: 94
Page hit rate: 0.06
Page fault rate: 0.94

[46, 43, 50, 49, 9, 16, 43, 40, 6, 20, 36, 10, 1, 26, 26, 4, 6, 8, 20, 30, 37, 28, 26, 13, 12, 20, 40, 43, 21, 21, 27, 5, 40, 33, 31, 25, 5, 13, 36, 15, 2, 12, 6, 5, 12, 16, 44, 48, 18, 19, 44, 16, 10, 39, 7, 1, 17, 45, 14, 14, 36, 15, 3, 0, 41, 39, 19, 17, 8, 44, 41, 21, 38, 46, 28, 9, 40, 17, 35, 27, 10, 10, 25, 45, 7, 44, 8, 49, 37, 27, 22, 14, 7, 38, 3, 33, 12, 27, 11, 11]
Page Hits: 7
Page Faults: 93
Page hit rate: 0.07
Page fault rate: 0.93

[46, 43, 50, 49, 9, 16, 43, 40, 6, 20, 36, 10, 1, 26, 26, 4, 6, 8, 20, 30, 37, 28, 26, 13, 12, 20, 40, 43, 21, 21, 27, 5, 40, 33, 31, 25, 5, 13, 36, 15, 2, 12, 6, 5, 12, 16, 44, 48, 18, 19, 44, 16, 10, 39, 7, 1, 17, 45, 14, 14, 36, 15, 3, 0, 41, 39, 19, 17, 8, 44, 41, 21, 38, 46, 28, 9, 40, 17, 35, 27, 10, 10, 25, 45, 7, 44, 8, 49, 37, 27, 22, 14, 7, 38, 3, 33, 12, 27, 11, 11]
Page Hits: 11
Page Faults: 89
Page hit rate: 0.11
Page fault rate: 0.89

[46, 43, 50, 49, 9, 16, 43, 40, 6, 20, 36, 10, 1, 26, 26, 4, 6, 8, 20, 30, 37, 28, 26, 13, 12, 20, 40, 43, 21, 21, 27, 5, 40, 33, 31, 25, 5, 13, 36, 15, 2, 12, 6, 5, 12, 16, 44, 48, 18, 19, 44, 16, 10, 39, 7, 1, 17, 45, 14, 14, 36, 15, 3, 0, 41, 39, 19, 17, 8, 44, 41, 21, 38, 46, 28, 9, 40, 17, 35, 27, 10, 10, 25, 45, 7, 44, 8, 49, 37, 27, 22, 14, 7, 38, 3, 33, 12, 27, 11, 11]
Page Hits: 12
Page Faults: 88
Page hit rate: 0.12
Page fault rate: 0.88

[46, 43, 50, 49, 9, 16, 43, 40, 6, 20, 36, 10, 1, 26, 26, 4, 6, 8, 20, 30, 37, 28, 26, 13, 12, 20, 40, 43, 21, 21, 27, 5, 40, 33, 31, 25, 5, 13, 36, 15, 2, 12, 6, 5, 12, 16, 44, 48, 18, 19, 44, 16, 10, 39, 7, 1, 17, 45, 14, 14, 36, 15, 3, 0, 41, 39, 19, 17, 8, 44, 41, 21, 38, 46, 28, 9, 40, 17, 35, 27, 10, 10, 25, 45, 7, 44, 8, 49, 37, 27, 22, 14, 7, 38, 3, 33, 12, 27, 11, 11]
Page Hits: 15
Page Faults: 85
Page hit rate: 0.15
Page fault rate: 0.85

[46, 43, 50, 49, 9, 16, 43, 40, 6, 20, 36, 10, 1, 26, 26, 4, 6, 8, 20, 30, 37, 28, 26, 13, 12, 20, 40, 43, 21, 21, 27, 5, 40, 33, 31, 25, 5, 13, 36, 15, 2, 12, 6, 5, 12, 16, 44, 48, 18, 19, 44, 16, 10, 39, 7, 1, 17, 45, 14, 14, 36, 15, 3, 0, 41, 39, 19, 17, 8, 44, 41, 21, 38, 46, 28, 9, 40, 17, 35, 27, 10, 10, 25, 45, 7, 44, 8, 49, 37, 27, 22, 14, 7, 38, 3, 33, 12, 27, 11, 11]
Page Hits: 19
Page Faults: 81
Page hit rate: 0.19
Page fault rate: 0.81

[46, 43, 50, 49, 9, 16, 43, 40, 6, 20, 36, 10, 1, 26, 26, 4, 6, 8, 20, 30, 37, 28, 26, 13, 12, 20, 40, 43, 21, 21, 27, 5, 40, 33, 31, 25, 5, 13, 36, 15, 2, 12, 6, 5, 12, 16, 44, 48, 18, 19, 44, 16, 10, 39, 7, 1, 17, 45, 14, 14, 36, 15, 3, 0, 41, 39, 19, 17, 8, 44, 41, 21, 38, 46, 28, 9, 40, 17, 35, 27, 10, 10, 25, 45, 7, 44, 8, 49, 37, 27, 22, 14, 7, 38, 3, 33, 12, 27, 11, 11]
Page Hits: 20
Page Faults: 80
Page hit rate: 0.2
Page fault rate: 0.8

[46, 43, 50, 49, 9, 16, 43, 40, 6, 20, 36, 10, 1, 26, 26, 4, 6, 8, 20, 30, 37, 28, 26, 13, 12, 20, 40, 43, 21, 21, 27, 5, 40, 33, 31, 25, 5, 13, 36, 15, 2, 12, 6, 5, 12, 16, 44, 48, 18, 19, 44, 16, 10, 39, 7, 1, 17, 45, 14, 14, 36, 15, 3, 0, 41, 39, 19, 17, 8, 44, 41, 21, 38, 46, 28, 9, 40, 17, 35, 27, 10, 10, 25, 45, 7, 44, 8, 49, 37, 27, 22, 14, 7, 38, 3, 33, 12, 27, 11, 11]
Page Hits: 22
Page Faults: 78
Page hit rate: 0.22
Page fault rate: 0.78

[46, 43, 50, 49, 9, 16, 43, 40, 6, 20, 36, 10, 1, 26, 26, 4, 6, 8, 20, 30, 37, 28, 26, 13, 12, 20, 40, 43, 21, 21, 27, 5, 40, 33, 31, 25, 5, 13, 36, 15, 2, 12, 6, 5, 12, 16, 44, 48, 18, 19, 44, 16, 10, 39, 7, 1, 17, 45, 14, 14, 36, 15, 3, 0, 41, 39, 19, 17, 8, 44, 41, 21, 38, 46, 28, 9, 40, 17, 35, 27, 10, 10, 25, 45, 7, 44, 8, 49, 37, 27, 22, 14, 7, 38, 3, 33, 12, 27, 11, 11]
Page Hits: 35
Page Faults: 65
Page hit rate: 0.35
Page fault rate: 0.65

[46, 43, 50, 49, 9, 16, 43, 40, 6, 20, 36, 10, 1, 26, 26, 4, 6, 8, 20, 30, 37, 28, 26, 13, 12, 20, 40, 43, 21, 21, 27, 5, 40, 33, 31, 25, 5, 13, 36, 15, 2, 12, 6, 5, 12, 16, 44, 48, 18, 19, 44, 16, 10, 39, 7, 1, 17, 45, 14, 14, 36, 15, 3, 0, 41, 39, 19, 17, 8, 44, 41, 21, 38, 46, 28, 9, 40, 17, 35, 27, 10, 10, 25, 45, 7, 44, 8, 49, 37, 27, 22, 14, 7, 38, 3, 33, 12, 27, 11, 11]
Page Hits: 45
Page Faults: 55
Page hit rate: 0.45
Page fault rate: 0.55

[46, 43, 50, 49, 9, 16, 43, 40, 6, 20, 36, 10, 1, 26, 26, 4, 6, 8, 20, 30, 37, 28, 26, 13, 12, 20, 40, 43, 21, 21, 27, 5, 40, 33, 31, 25, 5, 13, 36, 15, 2, 12, 6, 5, 12, 16, 44, 48, 18, 19, 44, 16, 10, 39, 7, 1, 17, 45, 14, 14, 36, 15, 3, 0, 41, 39, 19, 17, 8, 44, 41, 21, 38, 46, 28, 9, 40, 17, 35, 27, 10, 10, 25, 45, 7, 44, 8, 49, 37, 27, 22, 14, 7, 38, 3, 33, 12, 27, 11, 11]
Page Hits: 54
Page Faults: 46
Page hit rate: 0.54
Page fault rate: 0.46

[46, 43, 50, 49, 9, 16, 43, 40, 6, 20, 36, 10, 1, 26, 26, 4, 6, 8, 20, 30, 37, 28, 26, 13, 12, 20, 40, 43, 21, 21, 27, 5, 40, 33, 31, 25, 5, 13, 36, 15, 2, 12, 6, 5, 12, 16, 44, 48, 18, 19, 44, 16, 10, 39, 7, 1, 17, 45, 14, 14, 36, 15, 3, 0, 41, 39, 19, 17, 8, 44, 41, 21, 38, 46, 28, 9, 40, 17, 35, 27, 10, 10, 25, 45, 7, 44, 8, 49, 37, 27, 22, 14, 7, 38, 3, 33, 12, 27, 11, 11]
Page Hits: 56
Page Faults: 44
Page hit rate: 0.56
Page fault rate: 0.44

[46, 43, 50, 49, 9, 16, 43, 40, 6, 20, 36, 10, 1, 26, 26, 4, 6, 8, 20, 30, 37, 28, 26, 13, 12, 20, 40, 43, 21, 21, 27, 5, 40, 33, 31, 25, 5, 13, 36, 15, 2, 12, 6, 5, 12, 16, 44, 48, 18, 19, 44, 16, 10, 39, 7, 1, 17, 45, 14, 14, 36, 15, 3, 0, 41, 39, 19, 17, 8, 44, 41, 21, 38, 46, 28, 9, 40, 17, 35, 27, 10, 10, 25, 45, 7, 44, 8, 49, 37, 27, 22, 14, 7, 38, 3, 33, 12, 27, 11, 11]
Page Hits: 56
Page Faults: 44
Page hit rate: 0.56
Page fault rate: 0.44

[46, 43, 50, 49, 9, 16, 43, 40, 6, 20, 36, 10, 1, 26, 26, 4, 6, 8, 20, 30, 37, 28, 26, 13, 12, 20, 40, 43, 21, 21, 27, 5, 40, 33, 31, 25, 5, 13, 36, 15, 2, 12, 6, 5, 12, 16, 44, 48, 18, 19, 44, 16, 10, 39, 7, 1, 17, 45, 14, 14, 36, 15, 3, 0, 41, 39, 19, 17, 8, 44, 41, 21, 38, 46, 28, 9, 40, 17, 35, 27, 10, 10, 25, 45, 7, 44, 8, 49, 37, 27, 22, 14, 7, 38, 3, 33, 12, 27, 11, 11]
Page Hits: 56
Page Faults: 44
Page hit rate: 0.56
Page fault rate: 0.44

[46, 43, 50, 49, 9, 16, 43, 40, 6, 20, 36, 10, 1, 26, 26, 4, 6, 8, 20, 30, 37, 28, 26, 13, 12, 20, 40, 43, 21, 21, 27, 5, 40, 33, 31, 25, 5, 13, 36, 15, 2, 12, 6, 5, 12, 16, 44, 48, 18, 19, 44, 16, 10, 39, 7, 1, 17, 45, 14, 14, 36, 15, 3, 0, 41, 39, 19, 17, 8, 44, 41, 21, 38, 46, 28, 9, 40, 17, 35, 27, 10, 10, 25, 45, 7, 44, 8, 49, 37, 27, 22, 14, 7, 38, 3, 33, 12, 27, 11, 11]
Page Hits: 56
Page Faults: 44
Page hit rate: 0.56
Page fault rate: 0.44

[46, 43, 50, 49, 9, 16, 43, 40, 6, 20, 36, 10, 1, 26, 26, 4, 6, 8, 20, 30, 37, 28, 26, 13, 12, 20, 40, 43, 21, 21, 27, 5, 40, 33, 31, 25, 5, 13, 36, 15, 2, 12, 6, 5, 12, 16, 44, 48, 18, 19, 44, 16, 10, 39, 7, 1, 17, 45, 14, 14, 36, 15, 3, 0, 41, 39, 19, 17, 8, 44, 41, 21, 38, 46, 28, 9, 40, 17, 35, 27, 10, 10, 25, 45, 7, 44, 8, 49, 37, 27, 22, 14, 7, 38, 3, 33, 12, 27, 11, 11]
Page Hits: 56
Page Faults: 44
Page hit rate: 0.56
Page fault rate: 0.44

[46, 43, 50, 49, 9, 16, 43, 40, 6, 20, 36, 10, 1, 26, 26, 4, 6, 8, 20, 30, 37, 28, 26, 13, 12, 20, 40, 43, 21, 21, 27, 5, 40, 33, 31, 25, 5, 13, 36, 15, 2, 12, 6, 5, 12, 16, 44, 48, 18, 19, 44, 16, 10, 39, 7, 1, 17, 45, 14, 14, 36, 15, 3, 0, 41, 39, 19, 17, 8, 44, 41, 21, 38, 46, 28, 9, 40, 17, 35, 27, 10, 10, 25, 45, 7, 44, 8, 49, 37, 27, 22, 14, 7, 38, 3, 33, 12, 27, 11, 11]
Page Hits: 56
Page Faults: 44
Page hit rate: 0.56
Page fault rate: 0.44
=====================================================================================================================================

[9, 0, 6, 7, 9, 0, 3, 7, 7, 4, 10, 2, 0, 8, 7, 5, 1, 3, 5, 0, 6, 2, 9, 5, 6, 6, 4, 10, 4, 7, 2, 10, 4, 10, 5, 2, 7, 3, 7, 9, 6, 0, 9, 0, 3, 2, 3, 4, 8, 5, 3, 5, 10, 8, 7, 6, 7, 1, 10, 9, 5, 8, 2, 3, 6, 3, 0, 0, 7, 4, 9, 10, 1, 8, 1, 2, 6, 9, 5, 9, 2, 1, 1, 7, 2, 3, 5, 6, 6, 7, 3, 10, 4, 2, 9, 8, 2, 1, 4, 7]
Page Hits: 5
Page Faults: 95
Page hit rate: 0.05
Page fault rate: 0.95

[9, 0, 6, 7, 9, 0, 3, 7, 7, 4, 10, 2, 0, 8, 7, 5, 1, 3, 5, 0, 6, 2, 9, 5, 6, 6, 4, 10, 4, 7, 2, 10, 4, 10, 5, 2, 7, 3, 7, 9, 6, 0, 9, 0, 3, 2, 3, 4, 8, 5, 3, 5, 10, 8, 7, 6, 7, 1, 10, 9, 5, 8, 2, 3, 6, 3, 0, 0, 7, 4, 9, 10, 1, 8, 1, 2, 6, 9, 5, 9, 2, 1, 1, 7, 2, 3, 5, 6, 6, 7, 3, 10, 4, 2, 9, 8, 2, 1, 4, 7]
Page Hits: 15
Page Faults: 85
Page hit rate: 0.15
Page fault rate: 0.85

[9, 0, 6, 7, 9, 0, 3, 7, 7, 4, 10, 2, 0, 8, 7, 5, 1, 3, 5, 0, 6, 2, 9, 5, 6, 6, 4, 10, 4, 7, 2, 10, 4, 10, 5, 2, 7, 3, 7, 9, 6, 0, 9, 0, 3, 2, 3, 4, 8, 5, 3, 5, 10, 8, 7, 6, 7, 1, 10, 9, 5, 8, 2, 3, 6, 3, 0, 0, 7, 4, 9, 10, 1, 8, 1, 2, 6, 9, 5, 9, 2, 1, 1, 7, 2, 3, 5, 6, 6, 7, 3, 10, 4, 2, 9, 8, 2, 1, 4, 7]
Page Hits: 19
Page Faults: 81
Page hit rate: 0.19
Page fault rate: 0.81

[9, 0, 6, 7, 9, 0, 3, 7, 7, 4, 10, 2, 0, 8, 7, 5, 1, 3, 5, 0, 6, 2, 9, 5, 6, 6, 4, 10, 4, 7, 2, 10, 4, 10, 5, 2, 7, 3, 7, 9, 6, 0, 9, 0, 3, 2, 3, 4, 8, 5, 3, 5, 10, 8, 7, 6, 7, 1, 10, 9, 5, 8, 2, 3, 6, 3, 0, 0, 7, 4, 9, 10, 1, 8, 1, 2, 6, 9, 5, 9, 2, 1, 1, 7, 2, 3, 5, 6, 6, 7, 3, 10, 4, 2, 9, 8, 2, 1, 4, 7]
Page Hits: 30
Page Faults: 70
Page hit rate: 0.3
Page fault rate: 0.7

[9, 0, 6, 7, 9, 0, 3, 7, 7, 4, 10, 2, 0, 8, 7, 5, 1, 3, 5, 0, 6, 2, 9, 5, 6, 6, 4, 10, 4, 7, 2, 10, 4, 10, 5, 2, 7, 3, 7, 9, 6, 0, 9, 0, 3, 2, 3, 4, 8, 5, 3, 5, 10, 8, 7, 6, 7, 1, 10, 9, 5, 8, 2, 3, 6, 3, 0, 0, 7, 4, 9, 10, 1, 8, 1, 2, 6, 9, 5, 9, 2, 1, 1, 7, 2, 3, 5, 6, 6, 7, 3, 10, 4, 2, 9, 8, 2, 1, 4, 7]
Page Hits: 37
Page Faults: 63
Page hit rate: 0.37
Page fault rate: 0.63

[9, 0, 6, 7, 9, 0, 3, 7, 7, 4, 10, 2, 0, 8, 7, 5, 1, 3, 5, 0, 6, 2, 9, 5, 6, 6, 4, 10, 4, 7, 2, 10, 4, 10, 5, 2, 7, 3, 7, 9, 6, 0, 9, 0, 3, 2, 3, 4, 8, 5, 3, 5, 10, 8, 7, 6, 7, 1, 10, 9, 5, 8, 2, 3, 6, 3, 0, 0, 7, 4, 9, 10, 1, 8, 1, 2, 6, 9, 5, 9, 2, 1, 1, 7, 2, 3, 5, 6, 6, 7, 3, 10, 4, 2, 9, 8, 2, 1, 4, 7]
Page Hits: 44
Page Faults: 56
Page hit rate: 0.44
Page fault rate: 0.56

[9, 0, 6, 7, 9, 0, 3, 7, 7, 4, 10, 2, 0, 8, 7, 5, 1, 3, 5, 0, 6, 2, 9, 5, 6, 6, 4, 10, 4, 7, 2, 10, 4, 10, 5, 2, 7, 3, 7, 9, 6, 0, 9, 0, 3, 2, 3, 4, 8, 5, 3, 5, 10, 8, 7, 6, 7, 1, 10, 9, 5, 8, 2, 3, 6, 3, 0, 0, 7, 4, 9, 10, 1, 8, 1, 2, 6, 9, 5, 9, 2, 1, 1, 7, 2, 3, 5, 6, 6, 7, 3, 10, 4, 2, 9, 8, 2, 1, 4, 7]
Page Hits: 49
Page Faults: 51
Page hit rate: 0.49
Page fault rate: 0.51

[9, 0, 6, 7, 9, 0, 3, 7, 7, 4, 10, 2, 0, 8, 7, 5, 1, 3, 5, 0, 6, 2, 9, 5, 6, 6, 4, 10, 4, 7, 2, 10, 4, 10, 5, 2, 7, 3, 7, 9, 6, 0, 9, 0, 3, 2, 3, 4, 8, 5, 3, 5, 10, 8, 7, 6, 7, 1, 10, 9, 5, 8, 2, 3, 6, 3, 0, 0, 7, 4, 9, 10, 1, 8, 1, 2, 6, 9, 5, 9, 2, 1, 1, 7, 2, 3, 5, 6, 6, 7, 3, 10, 4, 2, 9, 8, 2, 1, 4, 7]
Page Hits: 53
Page Faults: 47
Page hit rate: 0.53
Page fault rate: 0.47

[9, 0, 6, 7, 9, 0, 3, 7, 7, 4, 10, 2, 0, 8, 7, 5, 1, 3, 5, 0, 6, 2, 9, 5, 6, 6, 4, 10, 4, 7, 2, 10, 4, 10, 5, 2, 7, 3, 7, 9, 6, 0, 9, 0, 3, 2, 3, 4, 8, 5, 3, 5, 10, 8, 7, 6, 7, 1, 10, 9, 5, 8, 2, 3, 6, 3, 0, 0, 7, 4, 9, 10, 1, 8, 1, 2, 6, 9, 5, 9, 2, 1, 1, 7, 2, 3, 5, 6, 6, 7, 3, 10, 4, 2, 9, 8, 2, 1, 4, 7]
Page Hits: 64
Page Faults: 36
Page hit rate: 0.64
Page fault rate: 0.36

[9, 0, 6, 7, 9, 0, 3, 7, 7, 4, 10, 2, 0, 8, 7, 5, 1, 3, 5, 0, 6, 2, 9, 5, 6, 6, 4, 10, 4, 7, 2, 10, 4, 10, 5, 2, 7, 3, 7, 9, 6, 0, 9, 0, 3, 2, 3, 4, 8, 5, 3, 5, 10, 8, 7, 6, 7, 1, 10, 9, 5, 8, 2, 3, 6, 3, 0, 0, 7, 4, 9, 10, 1, 8, 1, 2, 6, 9, 5, 9, 2, 1, 1, 7, 2, 3, 5, 6, 6, 7, 3, 10, 4, 2, 9, 8, 2, 1, 4, 7]
Page Hits: 77
Page Faults: 23
Page hit rate: 0.77
Page fault rate: 0.23

[9, 0, 6, 7, 9, 0, 3, 7, 7, 4, 10, 2, 0, 8, 7, 5, 1, 3, 5, 0, 6, 2, 9, 5, 6, 6, 4, 10, 4, 7, 2, 10, 4, 10, 5, 2, 7, 3, 7, 9, 6, 0, 9, 0, 3, 2, 3, 4, 8, 5, 3, 5, 10, 8, 7, 6, 7, 1, 10, 9, 5, 8, 2, 3, 6, 3, 0, 0, 7, 4, 9, 10, 1, 8, 1, 2, 6, 9, 5, 9, 2, 1, 1, 7, 2, 3, 5, 6, 6, 7, 3, 10, 4, 2, 9, 8, 2, 1, 4, 7]
Page Hits: 89
Page Faults: 11
Page hit rate: 0.89
Page fault rate: 0.11

[9, 0, 6, 7, 9, 0, 3, 7, 7, 4, 10, 2, 0, 8, 7, 5, 1, 3, 5, 0, 6, 2, 9, 5, 6, 6, 4, 10, 4, 7, 2, 10, 4, 10, 5, 2, 7, 3, 7, 9, 6, 0, 9, 0, 3, 2, 3, 4, 8, 5, 3, 5, 10, 8, 7, 6, 7, 1, 10, 9, 5, 8, 2, 3, 6, 3, 0, 0, 7, 4, 9, 10, 1, 8, 1, 2, 6, 9, 5, 9, 2, 1, 1, 7, 2, 3, 5, 6, 6, 7, 3, 10, 4, 2, 9, 8, 2, 1, 4, 7]
Page Hits: 89
Page Faults: 11
Page hit rate: 0.89
Page fault rate: 0.11

[9, 0, 6, 7, 9, 0, 3, 7, 7, 4, 10, 2, 0, 8, 7, 5, 1, 3, 5, 0, 6, 2, 9, 5, 6, 6, 4, 10, 4, 7, 2, 10, 4, 10, 5, 2, 7, 3, 7, 9, 6, 0, 9, 0, 3, 2, 3, 4, 8, 5, 3, 5, 10, 8, 7, 6, 7, 1, 10, 9, 5, 8, 2, 3, 6, 3, 0, 0, 7, 4, 9, 10, 1, 8, 1, 2, 6, 9, 5, 9, 2, 1, 1, 7, 2, 3, 5, 6, 6, 7, 3, 10, 4, 2, 9, 8, 2, 1, 4, 7]
Page Hits: 89
Page Faults: 11
Page hit rate: 0.89
Page fault rate: 0.11

[9, 0, 6, 7, 9, 0, 3, 7, 7, 4, 10, 2, 0, 8, 7, 5, 1, 3, 5, 0, 6, 2, 9, 5, 6, 6, 4, 10, 4, 7, 2, 10, 4, 10, 5, 2, 7, 3, 7, 9, 6, 0, 9, 0, 3, 2, 3, 4, 8, 5, 3, 5, 10, 8, 7, 6, 7, 1, 10, 9, 5, 8, 2, 3, 6, 3, 0, 0, 7, 4, 9, 10, 1, 8, 1, 2, 6, 9, 5, 9, 2, 1, 1, 7, 2, 3, 5, 6, 6, 7, 3, 10, 4, 2, 9, 8, 2, 1, 4, 7]
Page Hits: 89
Page Faults: 11
Page hit rate: 0.89
Page fault rate: 0.11

[9, 0, 6, 7, 9, 0, 3, 7, 7, 4, 10, 2, 0, 8, 7, 5, 1, 3, 5, 0, 6, 2, 9, 5, 6, 6, 4, 10, 4, 7, 2, 10, 4, 10, 5, 2, 7, 3, 7, 9, 6, 0, 9, 0, 3, 2, 3, 4, 8, 5, 3, 5, 10, 8, 7, 6, 7, 1, 10, 9, 5, 8, 2, 3, 6, 3, 0, 0, 7, 4, 9, 10, 1, 8, 1, 2, 6, 9, 5, 9, 2, 1, 1, 7, 2, 3, 5, 6, 6, 7, 3, 10, 4, 2, 9, 8, 2, 1, 4, 7]
Page Hits: 89
Page Faults: 11
Page hit rate: 0.89
Page fault rate: 0.11

[9, 0, 6, 7, 9, 0, 3, 7, 7, 4, 10, 2, 0, 8, 7, 5, 1, 3, 5, 0, 6, 2, 9, 5, 6, 6, 4, 10, 4, 7, 2, 10, 4, 10, 5, 2, 7, 3, 7, 9, 6, 0, 9, 0, 3, 2, 3, 4, 8, 5, 3, 5, 10, 8, 7, 6, 7, 1, 10, 9, 5, 8, 2, 3, 6, 3, 0, 0, 7, 4, 9, 10, 1, 8, 1, 2, 6, 9, 5, 9, 2, 1, 1, 7, 2, 3, 5, 6, 6, 7, 3, 10, 4, 2, 9, 8, 2, 1, 4, 7]
Page Hits: 89
Page Faults: 11
Page hit rate: 0.89
Page fault rate: 0.11

[9, 0, 6, 7, 9, 0, 3, 7, 7, 4, 10, 2, 0, 8, 7, 5, 1, 3, 5, 0, 6, 2, 9, 5, 6, 6, 4, 10, 4, 7, 2, 10, 4, 10, 5, 2, 7, 3, 7, 9, 6, 0, 9, 0, 3, 2, 3, 4, 8, 5, 3, 5, 10, 8, 7, 6, 7, 1, 10, 9, 5, 8, 2, 3, 6, 3, 0, 0, 7, 4, 9, 10, 1, 8, 1, 2, 6, 9, 5, 9, 2, 1, 1, 7, 2, 3, 5, 6, 6, 7, 3, 10, 4, 2, 9, 8, 2, 1, 4, 7]
Page Hits: 89
Page Faults: 11
Page hit rate: 0.89
Page fault rate: 0.11

[9, 0, 6, 7, 9, 0, 3, 7, 7, 4, 10, 2, 0, 8, 7, 5, 1, 3, 5, 0, 6, 2, 9, 5, 6, 6, 4, 10, 4, 7, 2, 10, 4, 10, 5, 2, 7, 3, 7, 9, 6, 0, 9, 0, 3, 2, 3, 4, 8, 5, 3, 5, 10, 8, 7, 6, 7, 1, 10, 9, 5, 8, 2, 3, 6, 3, 0, 0, 7, 4, 9, 10, 1, 8, 1, 2, 6, 9, 5, 9, 2, 1, 1, 7, 2, 3, 5, 6, 6, 7, 3, 10, 4, 2, 9, 8, 2, 1, 4, 7]
Page Hits: 89
Page Faults: 11
Page hit rate: 0.89
Page fault rate: 0.11

[9, 0, 6, 7, 9, 0, 3, 7, 7, 4, 10, 2, 0, 8, 7, 5, 1, 3, 5, 0, 6, 2, 9, 5, 6, 6, 4, 10, 4, 7, 2, 10, 4, 10, 5, 2, 7, 3, 7, 9, 6, 0, 9, 0, 3, 2, 3, 4, 8, 5, 3, 5, 10, 8, 7, 6, 7, 1, 10, 9, 5, 8, 2, 3, 6, 3, 0, 0, 7, 4, 9, 10, 1, 8, 1, 2, 6, 9, 5, 9, 2, 1, 1, 7, 2, 3, 5, 6, 6, 7, 3, 10, 4, 2, 9, 8, 2, 1, 4, 7]
Page Hits: 89
Page Faults: 11
Page hit rate: 0.89
Page fault rate: 0.11

